00098598.jpg 238,255,271,300 person 0.35 3.053001050837338
00057898.jpg 161,195,177,220 person 0.58 0.3074807859957218
00057898.jpg 161,195,177,220 person 0.58 0.29864194709807634
00057898.jpg 161,195,177,220 person 0.58 0.28190507739782333
00063539.jpg 442,314,476,376 person 0.86 0.4948531240224838
00091205.jpg 624,381,672,435 person 0.31 0.28147618286311626
00050814.jpg 531,98,591,148 person 0.49 0.27313910238444805
00034151.jpg 233,199,269,244 person 0.80 0.29340972658246756
00068813.jpg 133,343,234,437 person 0.74 0.5350567940622568
00003022.jpg 535,66,550,91 person 0.74 0.2821627641096711
00003022.jpg 535,66,550,91 person 0.74 0.2713141655549407
00003022.jpg 535,66,550,91 person 0.74 0.26671386417001486
00077249.jpg 43,342,100,421 person 0.91 0.264530336484313
00077249.jpg 43,342,100,421 person 0.91 0.29863542690873146
00056975.jpg 218,389,261,470 person 0.89 0.49676092248409986
00056975.jpg 218,389,261,470 person 0.89 0.2581250676885247
00053884.jpg 619,144,631,174 person 0.48 0.2820230796933174
00043316.jpg 400,162,439,245 person 0.94 0.29252659995108843
00065525.jpg 119,406,169,474 person 0.75 0.2936846986413002
00033966.jpg 100,80,115,110 person 0.89 0.28468914795666933
00006520.jpg 265,122,296,184 person 0.88 0.3015476344153285
00000577.jpg 146,76,165,108 person 0.94 0.25320057570934296
00001926.jpg 346,71,365,95 person 0.32 0.5621334221214056
00010263.jpg 369,137,400,185 person 0.71 0.30414523370563984
00030013.jpg 184,163,273,246 person 0.87 0.2999135619029403
00030013.jpg 184,163,273,246 person 0.87 0.2655112035572529
00030013.jpg 184,163,273,246 person 0.87 0.27283080853521824
00034478.jpg 381,147,404,189 person 0.62 0.27829224802553654
00074372.jpg 355,147,410,241 person 0.84 0.2415587529540062
00090668.jpg 360,141,411,242 person 0.99 0.25765084754675627
00090668.jpg 360,141,411,242 person 0.99 0.24780587013810873
00090668.jpg 360,141,411,242 person 0.99 0.2686883779242635
00098709.jpg 612,145,641,186 person 0.80 0.5611700965091586
00038180.jpg 191,201,205,232 person 0.51 0.30150181148201227
00018183.jpg 588,179,607,225 person 0.83 0.27879773173481226
00018183.jpg 588,179,607,225 person 0.83 0.2815733468160033
00088805.jpg 134,75,151,104 person 0.79 0.2576414057984948
00085411.jpg 279,282,352,394 person 1.00 0.5019418001174927
00027116.jpg 515,177,530,201 person 0.45 0.28341044299304485
00043520.jpg 346,135,403,214 person 0.93 0.25915377400815487
00043520.jpg 346,135,403,214 person 0.93 0.28347930405288935
00043520.jpg 346,135,403,214 person 0.93 0.24318598862737417
00043520.jpg 346,135,403,214 person 0.93 0.2563829915598035
00010605.jpg 537,48,548,64 person 0.37 0.24527751747518778
00009260.jpg 685,273,705,326 person 0.44 0.26091821398586035
00005814.jpg 83,356,169,434 person 0.55 0.2672220217064023
00041343.jpg 528,120,544,145 person 0.63 0.2503901682794094
00037553.jpg 33,326,94,415 person 0.56 0.25539515912532806
00037553.jpg 33,326,94,415 person 0.56 0.2715097200125456
00037553.jpg 33,326,94,415 person 0.56 0.24944517482072115
00037553.jpg 33,326,94,415 person 0.56 0.26354470755904913
00037553.jpg 33,326,94,415 person 0.56 0.2609513299539685
00037553.jpg 33,326,94,415 person 0.56 0.25955655332654715
00037553.jpg 33,326,94,415 person 0.56 0.2666770489886403
00037553.jpg 33,326,94,415 person 0.56 0.2615427067503333
00037553.jpg 33,326,94,415 person 0.56 0.2658743252977729
00004565.jpg 509,198,537,247 person 0.47 0.26745401695370674
00004565.jpg 509,198,537,247 person 0.47 0.27389991376549006
00004565.jpg 509,198,537,247 person 0.47 0.2699231877923012
00004565.jpg 509,198,537,247 person 0.47 0.26467348262667656
00004565.jpg 509,198,537,247 person 0.47 0.2572553511708975
00004565.jpg 509,198,537,247 person 0.47 0.2687813024967909
00004565.jpg 509,198,537,247 person 0.47 0.2665442554280162
00067477.jpg 297,278,347,380 person 0.94 0.283349197357893
00067477.jpg 297,278,347,380 person 0.94 0.23782779928296804
00067477.jpg 297,278,347,380 person 0.94 0.2640778571367264
00040100.jpg 191,125,204,157 person 0.50 0.2617598371580243
00073017.jpg 410,144,462,217 person 0.78 0.3649933869019151
00039781.jpg 361,137,409,225 person 0.84 0.2673187181353569
00039781.jpg 361,137,409,225 person 0.84 0.24420060124248266
00039781.jpg 361,137,409,225 person 0.84 0.2585606696084142
00102513.jpg 100,203,134,257 person 0.80 0.26530195493251085
00102513.jpg 100,203,134,257 person 0.80 0.25664555467665195
00088554.jpg 71,349,165,431 person 0.82 0.2692512795329094
00059723.jpg 544,155,558,172 person 0.47 0.5427198251709342
00059723.jpg 544,155,558,172 person 0.47 0.2748449742794037
00059723.jpg 544,155,558,172 person 0.47 0.2637384906411171
00059723.jpg 544,155,558,172 person 0.47 0.2617911994457245
00039359.jpg 607,73,622,112 person 0.57 0.24966350570321083
00039359.jpg 607,73,622,112 person 0.57 0.2832260513678193
00039359.jpg 607,73,622,112 person 0.57 0.25863809511065483
00060921.jpg 474,4,491,36 person 0.45 0.5117572480812669
00067815.jpg 285,150,300,185 person 0.89 0.26648188941180706
00098567.jpg 341,30,357,53 person 0.72 0.28452491015195847
00020997.jpg 99,289,133,342 person 0.43 0.3798463335260749
00098108.jpg 449,292,479,340 person 0.75 0.42449893429875374
00098108.jpg 449,292,479,340 person 0.75 0.2533218087628484
00098108.jpg 449,292,479,340 person 0.75 0.2634684043005109
00052266.jpg 382,204,412,259 person 0.86 0.26245060935616493
00052266.jpg 382,204,412,259 person 0.86 0.2620565826073289
00067890.jpg 309,108,370,165 person 0.45 0.2622173521667719
00041498.jpg 502,192,571,319 person 0.99 0.2678697630763054
00041498.jpg 502,192,571,319 person 0.99 0.2612540787085891
00092481.jpg 119,220,151,273 person 0.94 0.27890180330723524
00003731.jpg 551,138,567,170 person 0.49 0.5189905632287264
00003731.jpg 551,138,567,170 person 0.49 0.2714351825416088
00003731.jpg 551,138,567,170 person 0.49 0.2528222417458892
00003731.jpg 551,138,567,170 person 0.49 0.25751348678022623
00003731.jpg 551,138,567,170 person 0.49 0.2736988691613078
00003731.jpg 551,138,567,170 person 0.49 0.2694169832393527
00078123.jpg 579,158,591,188 person 0.65 0.291937991976738
00078123.jpg 579,158,591,188 person 0.65 0.2673139404505491
00078123.jpg 579,158,591,188 person 0.65 0.33816396817564964
00071873.jpg 109,102,131,146 person 0.30 0.432013844139874
00013029.jpg 30,306,253,473 bicycle 0.47 0.2745746476575732
00060892.jpg 378,158,425,242 person 0.82 0.2835967382416129
00060892.jpg 378,158,425,242 person 0.82 0.2689009979367256
00060892.jpg 378,158,425,242 person 0.82 0.2645382583141327
00060892.jpg 378,158,425,242 person 0.82 0.26982417330145836
00060892.jpg 378,158,425,242 person 0.82 0.2692655399441719
00060892.jpg 378,158,425,242 person 0.82 0.515829699113965
00028079.jpg 85,385,141,471 person 0.94 0.275630877353251
00058314.jpg 181,384,236,465 person 0.42 0.27848114538937807
00058314.jpg 181,384,236,465 person 0.42 0.25038309022784233
00036675.jpg 33,300,69,361 person 0.45 0.2585572758689523
00036675.jpg 33,300,69,361 person 0.45 0.500611106865108
00050571.jpg 359,129,402,227 person 0.99 0.2929365951567888
00050571.jpg 359,129,402,227 person 0.99 0.2549010058864951
00050571.jpg 359,129,402,227 person 0.99 0.2586523834615946
00050571.jpg 359,129,402,227 person 0.99 0.2573827216401696
00091601.jpg 31,280,86,344 person 0.48 0.48554863035678864
00091601.jpg 31,280,86,344 person 0.48 0.2591524887830019
00077716.jpg 147,249,171,302 person 0.95 0.26619526371359825
00077716.jpg 147,249,171,302 person 0.95 0.2646924937143922
00077716.jpg 147,249,171,302 person 0.95 0.2617712691426277
00026996.jpg 426,168,506,239 person 0.54 0.2572464859113097
00059138.jpg 196,196,208,217 person 0.33 0.5198880443349481
00059138.jpg 196,196,208,217 person 0.33 0.2928660297766328
00059138.jpg 196,196,208,217 person 0.33 0.2726667271926999
00039114.jpg 480,151,494,185 person 0.67 0.2669566608965397
00023302.jpg 235,264,251,282 person 0.39 0.28415550477802753
00023302.jpg 235,264,251,282 person 0.39 0.27022526878863573
00023302.jpg 235,264,251,282 person 0.39 0.28095527086406946
00076391.jpg 3,402,72,460 person 0.38 0.2689144052565098
00076391.jpg 3,402,72,460 person 0.38 0.2595042996108532
00085715.jpg 168,224,203,278 person 0.83 0.26746149081736803
00050541.jpg 288,172,332,263 person 0.88 0.2757152784615755
00050541.jpg 288,172,332,263 person 0.88 0.5364076690748334
00050541.jpg 288,172,332,263 person 0.88 0.31284832023084164
00110012.jpg 252,122,284,175 person 0.89 0.2641704948619008
00110012.jpg 252,122,284,175 person 0.89 0.2533489968627691
00110012.jpg 252,122,284,175 person 0.89 0.2523248288780451
00107867.jpg 222,201,254,244 person 0.68 0.26008998323231936
00107867.jpg 222,201,254,244 person 0.68 0.5063015893101692
00008370.jpg 284,192,316,225 person 0.45 0.2776520363986492
00078967.jpg 272,186,303,252 person 0.88 0.27106184232980013
00095048.jpg 255,221,305,308 person 0.95 0.27066343557089567
00106050.jpg 377,129,403,177 person 0.92 0.27194100711494684
00096906.jpg 14,355,108,429 person 0.36 0.24691462703049183
00096906.jpg 14,355,108,429 person 0.36 0.48670542798936367
00108239.jpg 162,211,193,255 person 0.90 0.26987613551318645
00108239.jpg 162,211,193,255 person 0.90 0.26713746413588524
00108239.jpg 162,211,193,255 person 0.90 0.26856921426951885
00108239.jpg 162,211,193,255 person 0.90 0.2770242616534233
00108239.jpg 162,211,193,255 person 0.90 0.28445118572562933
00108239.jpg 162,211,193,255 person 0.90 0.2635395731776953
00108239.jpg 162,211,193,255 person 0.90 0.2770537491887808
00094022.jpg 624,209,637,229 person 0.31 0.2655966067686677
00028703.jpg 359,152,400,236 person 0.94 0.517512054182589
00028703.jpg 359,152,400,236 person 0.94 0.2687826557084918
00028703.jpg 359,152,400,236 person 0.94 0.25691875256597996
00028703.jpg 359,152,400,236 person 0.94 0.27100616972893476
00028703.jpg 359,152,400,236 person 0.94 0.26511936355382204
00014086.jpg 428,112,452,162 person 0.99 0.25967555958777666
00014086.jpg 428,112,452,162 person 0.99 0.49312814231961966
00014086.jpg 428,112,452,162 person 0.99 0.27724098786711693
00087626.jpg 382,93,412,135 person 0.84 0.2862530555576086
00039791.jpg 218,152,229,176 person 0.49 0.505533067509532
00044438.jpg 489,114,501,135 person 0.65 0.2895668502897024
00044438.jpg 489,114,501,135 person 0.65 0.25031397212296724
00044438.jpg 489,114,501,135 person 0.65 0.2480538161471486
00065938.jpg 432,115,465,185 person 0.95 0.26162787340581417
00065938.jpg 432,115,465,185 person 0.95 0.2614018814638257
00065938.jpg 432,115,465,185 person 0.95 0.5005257558077574
00065938.jpg 432,115,465,185 person 0.95 0.27161881793290377
00065938.jpg 432,115,465,185 person 0.95 0.28855017479509115
00065938.jpg 432,115,465,185 person 0.95 0.26235654950141907
00065938.jpg 432,115,465,185 person 0.95 0.25915248692035675
00108053.jpg 165,202,177,226 person 0.33 0.5238912925124168
00108053.jpg 165,202,177,226 person 0.33 0.27680726535618305
00108053.jpg 165,202,177,226 person 0.33 0.2855569198727608
00065127.jpg 242,32,268,79 person 0.77 0.27028116397559643
00016973.jpg 639,190,653,215 person 0.41 0.5000307559967041
00014118.jpg 503,150,519,186 person 0.71 0.25713886227458715
00026579.jpg 589,73,610,114 person 0.72 0.29234153125435114
00026579.jpg 589,73,610,114 person 0.72 0.27369016502052546
00026579.jpg 589,73,610,114 person 0.72 0.2685075029730797
00087464.jpg 147,293,176,360 person 0.98 0.5192720601335168
00087464.jpg 147,293,176,360 person 0.98 0.25869258027523756
00087464.jpg 147,293,176,360 person 0.98 0.2730306899175048
00087464.jpg 147,293,176,360 person 0.98 0.27707799430936575
00051650.jpg 296,221,307,253 person 0.30 0.24616017658263445
00051650.jpg 296,221,307,253 person 0.30 0.26533690746873617
00051650.jpg 296,221,307,253 person 0.30 0.5037562167271972
00051650.jpg 296,221,307,253 person 0.30 0.249757238663733
00015796.jpg 256,128,288,196 person 0.79 0.25767787266522646
00015796.jpg 256,128,288,196 person 0.79 0.24587301071733236
00086272.jpg 609,170,632,210 person 0.89 0.3146144226193428
00086272.jpg 609,170,632,210 person 0.89 0.27655542455613613
00086272.jpg 609,170,632,210 person 0.89 0.2684878949075937
00086272.jpg 609,170,632,210 person 0.89 0.3055080184713006
00104931.jpg 166,205,175,224 person 0.42 0.5229865936562419
00104931.jpg 166,205,175,224 person 0.42 0.2743972046300769
00104931.jpg 166,205,175,224 person 0.42 0.26535929646342993
00104931.jpg 166,205,175,224 person 0.42 0.2725802222266793
00055277.jpg 288,120,329,203 person 0.92 0.271720789372921
00055277.jpg 288,120,329,203 person 0.92 0.2609934154897928
00043676.jpg 572,35,609,96 person 0.80 0.25475722178816795
00017109.jpg 545,154,557,169 person 0.41 0.2766201701015234
00017109.jpg 545,154,557,169 person 0.41 0.5552065139636397
00072114.jpg 69,378,127,465 person 0.97 0.2618506262078881
00072114.jpg 69,378,127,465 person 0.97 0.2532249642536044
00099615.jpg 276,186,314,246 person 0.76 0.2758103860542178
00088961.jpg 616,203,643,254 person 0.96 0.30388413835316896
00088961.jpg 616,203,643,254 person 0.96 0.2785980310291052
00088961.jpg 616,203,643,254 person 0.96 0.27959238924086094
00088961.jpg 616,203,643,254 person 0.96 0.27363423723727465
00088961.jpg 616,203,643,254 person 0.96 0.27981457207351923
00088961.jpg 616,203,643,254 person 0.96 0.2815717654302716
00081914.jpg 415,123,427,143 person 0.41 0.501320949755609
00004660.jpg 75,283,105,346 person 0.69 0.2565888958051801
00004660.jpg 75,283,105,346 person 0.69 0.2585523836314678
00004660.jpg 75,283,105,346 person 0.69 0.26196715887635946
00004660.jpg 75,283,105,346 person 0.69 0.2517221234738827
00004660.jpg 75,283,105,346 person 0.69 0.2568438434973359
00004660.jpg 75,283,105,346 person 0.69 0.49544037599116564
00066916.jpg 619,82,635,107 person 0.91 0.27311886101961136
00083983.jpg 57,83,67,108 person 0.76 0.27438933681696653
00104709.jpg 585,294,613,344 person 0.42 0.2566354963928461
00047550.jpg 489,55,502,74 person 0.52 0.5187633102759719
00047550.jpg 489,55,502,74 person 0.52 0.28040845692157745
00013299.jpg 194,56,209,87 person 0.76 0.2916918499395251
00048655.jpg 606,142,627,183 person 0.84 0.27594776917248964
00091033.jpg 346,367,383,437 person 0.95 0.3826673272997141
00091033.jpg 346,367,383,437 person 0.95 0.4579119961708784
00091033.jpg 346,367,383,437 person 0.95 0.2963958391919732
00091033.jpg 346,367,383,437 person 0.95 0.28865557350218296
00091033.jpg 346,367,383,437 person 0.95 0.2846482265740633
00053708.jpg 501,140,539,191 person 0.96 0.29180977772921324
00053708.jpg 501,140,539,191 person 0.96 0.2861337997019291
00074000.jpg 191,194,207,242 person 0.74 0.2684761844575405
00074000.jpg 191,194,207,242 person 0.74 0.5126429591327906
00074000.jpg 191,194,207,242 person 0.74 0.26673037000000477
00074000.jpg 191,194,207,242 person 0.74 0.2516557900235057
00059780.jpg 406,188,433,253 person 0.84 0.25480184983462095
00073566.jpg 114,225,147,273 person 0.98 0.2814247775822878
00073566.jpg 114,225,147,273 person 0.98 0.29456439055502415
00073566.jpg 114,225,147,273 person 0.98 0.28218322340399027
00073566.jpg 114,225,147,273 person 0.98 0.5476329801604152
00073566.jpg 114,225,147,273 person 0.98 0.2821365790441632
00073566.jpg 114,225,147,273 person 0.98 0.2820896031334996
00073566.jpg 114,225,147,273 person 0.98 0.2715290915220976
00092062.jpg 270,139,300,183 person 0.50 0.2669370789080858
00007389.jpg 622,175,638,209 person 0.94 0.29897025506943464
00007389.jpg 622,175,638,209 person 0.94 0.28933796286582947
00007389.jpg 622,175,638,209 person 0.94 0.28339313343167305
00007389.jpg 622,175,638,209 person 0.94 0.2605232885107398
00007389.jpg 622,175,638,209 person 0.94 0.2829453023150563
00007389.jpg 622,175,638,209 person 0.94 0.2873488450422883
00106902.jpg 231,194,242,212 person 0.37 0.2533783921971917
00106902.jpg 231,194,242,212 person 0.37 0.2634353628382087
00106902.jpg 231,194,242,212 person 0.37 0.2642046045511961
00079028.jpg 515,56,525,76 person 0.77 0.2687586946412921
00079028.jpg 515,56,525,76 person 0.77 0.2446877770125866
00079028.jpg 515,56,525,76 person 0.77 0.497639668174088
00020307.jpg 119,236,150,287 person 0.98 0.2904984559863806
00020307.jpg 119,236,150,287 person 0.98 0.26960220467299223
00020307.jpg 119,236,150,287 person 0.98 0.2815192937850952
00020307.jpg 119,236,150,287 person 0.98 0.2984289200976491
00020307.jpg 119,236,150,287 person 0.98 0.28314588125795126
00062217.jpg 306,183,324,203 person 0.36 0.26774410158395767
00062217.jpg 306,183,324,203 person 0.36 0.4883707342669368
00062217.jpg 306,183,324,203 person 0.36 0.2576143592596054
00047206.jpg 58,89,93,162 person 0.84 0.2527750926092267
00047206.jpg 58,89,93,162 person 0.84 0.26838437002152205
00047206.jpg 58,89,93,162 person 0.84 0.2612121254205704
00107764.jpg 360,127,399,210 person 0.89 0.2735206698998809
00107764.jpg 360,127,399,210 person 0.89 0.28770310059189796
00058276.jpg 563,213,581,260 person 0.96 0.5063341343775392
00058276.jpg 563,213,581,260 person 0.96 0.27721855510026217
00058276.jpg 563,213,581,260 person 0.96 0.2810936598107219
00004330.jpg 61,321,120,406 person 0.84 0.28013729210942984
00094608.jpg 150,270,219,366 person 0.96 0.2567018885165453
00094608.jpg 150,270,219,366 person 0.96 0.24593101162463427
00084402.jpg 102,74,113,95 person 0.84 0.2617924204096198
00046890.jpg 128,70,143,98 person 0.70 0.2653817581012845
00057615.jpg 640,242,674,309 person 0.98 0.2517848890274763
00057615.jpg 640,242,674,309 person 0.98 0.24171769712120295
00092173.jpg 593,333,640,412 person 0.98 0.27925655990839005
00092173.jpg 593,333,640,412 person 0.98 0.28379582334309816
00092173.jpg 593,333,640,412 person 0.98 0.5089918347075582
00092173.jpg 593,333,640,412 person 0.98 0.27275823801755905
00092173.jpg 593,333,640,412 person 0.98 0.2809767071157694
00092173.jpg 593,333,640,412 person 0.98 0.2801885027438402
00105245.jpg 414,41,430,68 person 0.50 0.2611575024202466
00105245.jpg 414,41,430,68 person 0.50 0.24070692341774702
00105245.jpg 414,41,430,68 person 0.50 0.24886990059167147
00090312.jpg 462,188,544,274 person 0.87 0.2547044921666384
00090312.jpg 462,188,544,274 person 0.87 0.2353853229433298
00026096.jpg 337,184,392,263 person 0.76 0.2656909767538309
00080687.jpg 98,81,112,110 person 0.93 0.2522171242162585
00022308.jpg 294,249,323,305 person 0.69 0.2543526729568839
00080290.jpg 26,89,40,106 person 0.39 0.5375595102086663
00094772.jpg 639,168,650,198 person 0.83 0.25992931984364986
00013622.jpg 258,255,286,296 person 0.52 0.2577570788562298
00096870.jpg 267,131,297,191 person 0.64 0.26131591480225325
00096870.jpg 267,131,297,191 person 0.64 0.2512129284441471
00067019.jpg 539,129,580,224 person 1.00 0.26867737993597984
00067019.jpg 539,129,580,224 person 1.00 0.2579202866181731
00067019.jpg 539,129,580,224 person 1.00 0.2561530442908406
00053125.jpg 631,315,660,370 person 0.91 0.2547787046059966
00004805.jpg 499,132,512,160 person 0.43 0.2660293923690915
00099990.jpg 105,107,124,136 person 0.78 0.2803666787222028
00030833.jpg 527,49,546,78 person 0.48 0.5090645942837
00004045.jpg 160,117,190,158 person 0.49 0.25908984430134296
00082175.jpg 79,318,173,418 person 0.89 0.26493231300264597
00082175.jpg 79,318,173,418 person 0.89 0.2625014390796423
00071264.jpg 348,343,440,448 person 0.92 0.2994119618088007
00071264.jpg 348,343,440,448 person 0.92 0.27718179393559694
00071264.jpg 348,343,440,448 person 0.92 0.26397161837667227
00070532.jpg 166,203,176,225 person 0.40 0.5299711609259248
00070532.jpg 166,203,176,225 person 0.40 0.27489942964166403
00070532.jpg 166,203,176,225 person 0.40 0.27929562702775
00100866.jpg 289,52,313,90 person 0.83 0.2705080034211278
00100866.jpg 289,52,313,90 person 0.83 0.25420672446489334
00064994.jpg 621,148,645,187 person 0.79 0.27281925454735756
00003157.jpg 543,123,582,224 person 1.00 0.26694894302636385
00003157.jpg 543,123,582,224 person 1.00 0.26764139253646135
00003157.jpg 543,123,582,224 person 1.00 0.27717560436576605
00003157.jpg 543,123,582,224 person 1.00 0.26394244376569986
00003157.jpg 543,123,582,224 person 1.00 0.274321717210114
00003157.jpg 543,123,582,224 person 1.00 0.5116899032145739
00041989.jpg 169,197,182,220 person 0.33 0.3040551096200943
00041989.jpg 169,197,182,220 person 0.33 0.26701726485043764
00041989.jpg 169,197,182,220 person 0.33 0.27668405417352915
00031923.jpg 202,383,249,455 person 0.92 0.2688708957284689
00103583.jpg 545,216,609,355 person 1.00 0.5524057233706117
00103583.jpg 545,216,609,355 person 1.00 0.26534688752144575
00103583.jpg 545,216,609,355 person 1.00 0.27986700646579266
00103583.jpg 545,216,609,355 person 1.00 0.264622800052166
00103583.jpg 545,216,609,355 person 1.00 0.268220454454422
00103583.jpg 545,216,609,355 person 1.00 0.2579035069793463
00103583.jpg 545,216,609,355 person 1.00 0.26490180660039186
00103583.jpg 545,216,609,355 person 1.00 0.267113852314651
00103583.jpg 545,216,609,355 person 1.00 0.515092546120286
00062847.jpg 301,67,314,102 person 0.91 0.28916805051267147
00062847.jpg 301,67,314,102 person 0.91 0.27298234310001135
00062847.jpg 301,67,314,102 person 0.91 0.27893522195518017
00104917.jpg 402,147,454,237 person 0.99 0.2581312768161297
00053667.jpg 370,134,402,175 person 0.53 0.2899299245327711
00049007.jpg 363,85,389,123 person 0.63 0.5225310055539012
00080487.jpg 238,214,287,304 person 0.98 0.2608133479952812
00073484.jpg 664,138,673,155 person 0.51 0.27280384488403797
00068126.jpg 332,184,350,201 person 0.36 0.27893397212028503
00029443.jpg 158,205,167,226 person 0.69 0.2768192021176219
00029443.jpg 158,205,167,226 person 0.69 0.27064751368016005
00029443.jpg 158,205,167,226 person 0.69 0.44144271314144135
00029443.jpg 158,205,167,226 person 0.69 0.4468770148232579
00043677.jpg 339,198,366,249 person 0.90 0.30488729756325483
00043677.jpg 339,198,366,249 person 0.90 0.2697786232456565
00043677.jpg 339,198,366,249 person 0.90 0.2861170154064894
00043677.jpg 339,198,366,249 person 0.90 0.26885341852903366
00043677.jpg 339,198,366,249 person 0.90 0.28270082641392946
00043677.jpg 339,198,366,249 person 0.90 0.27867743000388145
00043677.jpg 339,198,366,249 person 0.90 0.5192042589187622
00066313.jpg 4,385,95,472 person 0.59 0.27018818259239197
00066313.jpg 4,385,95,472 person 0.59 0.2525548432022333
00073802.jpg 95,169,117,212 person 0.80 0.2661911426112056
00075645.jpg 565,85,576,102 person 0.56 0.2799894092604518
00075645.jpg 565,85,576,102 person 0.56 0.2688397020101547
00075645.jpg 565,85,576,102 person 0.56 0.2756364429369569
00086686.jpg 166,198,180,219 person 0.34 0.5150388162583113
00086686.jpg 166,198,180,219 person 0.34 0.2737850844860077
00086686.jpg 166,198,180,219 person 0.34 0.2761698020622134
00105666.jpg 626,208,638,234 person 0.31 0.2745663980022073
00105666.jpg 626,208,638,234 person 0.31 0.2914715660735965
00003813.jpg 67,212,122,301 person 0.69 0.2754651103168726
00003813.jpg 67,212,122,301 person 0.69 0.28045176435261965
00003813.jpg 67,212,122,301 person 0.69 0.2819214155897498
00003813.jpg 67,212,122,301 person 0.69 0.4597071660682559
00093335.jpg 574,337,600,405 person 0.71 0.27199933771044016
00093335.jpg 574,337,600,405 person 0.71 0.25516548939049244
00058416.jpg 515,106,544,170 person 0.99 0.2705310881137848
00058416.jpg 515,106,544,170 person 0.99 0.24868324678391218
00058416.jpg 515,106,544,170 person 0.99 0.2745594559237361
00080259.jpg 635,154,663,203 person 0.42 0.3087854292243719
00070134.jpg 455,295,490,362 person 0.98 0.2836513416841626
00065910.jpg 662,273,688,314 person 0.84 0.2626840202137828
00065910.jpg 662,273,688,314 person 0.84 0.2613818319514394
00077595.jpg 537,53,545,70 person 0.38 0.2863011946901679
00077595.jpg 537,53,545,70 person 0.38 0.2609385037794709
00034464.jpg 185,162,215,214 person 0.84 0.25944827403873205
00082940.jpg 361,168,371,187 person 0.32 0.2874268237501383
00082940.jpg 361,168,371,187 person 0.32 0.30232340935617685
00025564.jpg 328,341,358,401 person 0.54 0.2842857362702489
00025564.jpg 328,341,358,401 person 0.54 0.5360346334055066
00024935.jpg 528,107,571,204 person 0.99 0.2564162714406848
00024935.jpg 528,107,571,204 person 0.99 0.25880897231400013
00024935.jpg 528,107,571,204 person 0.99 0.2605976304039359
00024935.jpg 528,107,571,204 person 0.99 0.26688395626842976
00024935.jpg 528,107,571,204 person 0.99 0.26095018070191145
00016148.jpg 568,185,579,205 person 0.43 0.2903177523985505
00016148.jpg 568,185,579,205 person 0.43 0.26374993473291397
00014687.jpg 554,179,571,210 person 0.47 0.2630198411643505
00060041.jpg 449,183,542,273 person 0.50 0.25485528632998466
00044743.jpg 190,241,210,289 person 0.88 0.2949858149513602
00029900.jpg 357,148,409,246 person 0.99 0.2632496217265725
00029900.jpg 357,148,409,246 person 0.99 0.25482199992984533
00051652.jpg 405,172,447,262 person 0.93 0.24560175836086273
00066506.jpg 81,197,96,215 person 0.60 0.2921295687556267
00066506.jpg 81,197,96,215 person 0.60 0.2627596538513899
00066506.jpg 81,197,96,215 person 0.60 0.273281954228878
00108395.jpg 615,233,643,289 person 0.62 0.2849030690267682
00012742.jpg 174,238,232,323 person 0.76 0.25839320197701454
00012742.jpg 174,238,232,323 person 0.76 0.2550283093005419
00052765.jpg 372,19,394,62 person 0.97 0.48689806275069714
00052765.jpg 372,19,394,62 person 0.97 0.24875606782734394
00004473.jpg 625,189,674,276 person 0.79 0.2552268663421273
00086224.jpg 270,197,314,293 person 0.90 0.25702808517962694
00009769.jpg 201,357,248,431 person 0.62 0.494949952699244
00009769.jpg 201,357,248,431 person 0.62 0.29348576813936234
00009769.jpg 201,357,248,431 person 0.62 0.27180609572678804
00009769.jpg 201,357,248,431 person 0.62 0.24695182964205742
00044987.jpg 267,192,296,247 person 0.94 0.28819811064749956
00055358.jpg 3,197,35,268 person 0.82 0.23519657738506794
00055358.jpg 3,197,35,268 person 0.82 0.23797546699643135
00062655.jpg 330,96,345,123 person 0.86 0.27283636294305325
00062655.jpg 330,96,345,123 person 0.86 0.252067637629807
00062655.jpg 330,96,345,123 person 0.86 0.36549158208072186
00076603.jpg 661,194,685,240 person 0.49 0.4181572888046503
00076603.jpg 661,194,685,240 person 0.49 0.27219367772340775
00106976.jpg 38,283,88,356 person 0.33 0.28300722409039736
00029308.jpg 474,113,504,164 person 0.91 0.2809384623542428
00029308.jpg 474,113,504,164 person 0.91 0.4968252871185541
00104993.jpg 543,231,612,400 person 0.99 0.2925481619313359
00104993.jpg 543,231,612,400 person 0.99 0.5159421544522047
00104993.jpg 543,231,612,400 person 0.99 0.28080790117383003
00104993.jpg 543,231,612,400 person 0.99 0.2597977379336953
00104993.jpg 543,231,612,400 person 0.99 0.2511831298470497
00104993.jpg 543,231,612,400 person 0.99 0.25248011387884617
00104993.jpg 543,231,612,400 person 0.99 0.24586642626672983
00020495.jpg 279,156,295,193 person 0.64 0.25129485968500376
00020495.jpg 279,156,295,193 person 0.64 0.2592072691768408
00103452.jpg 629,212,652,259 person 0.75 0.28643766697496176
00082486.jpg 253,376,310,455 person 0.70 0.2570068212226033
00082486.jpg 253,376,310,455 person 0.70 0.49619329907000065
00082486.jpg 253,376,310,455 person 0.70 0.25015428848564625
00082486.jpg 253,376,310,455 person 0.70 0.2527026887983084
00053222.jpg 358,128,397,200 person 0.94 0.2621834594756365
00053222.jpg 358,128,397,200 person 0.94 0.24650658387690783
00053222.jpg 358,128,397,200 person 0.94 0.2640333315357566
00055314.jpg 359,128,411,214 person 0.95 0.2690462823957205
00012560.jpg 193,193,208,219 person 0.56 0.2633035480976105
00012560.jpg 193,193,208,219 person 0.56 0.24891767278313637
00012560.jpg 193,193,208,219 person 0.56 0.25769942719489336
00094428.jpg 242,135,272,194 person 0.90 0.25522763933986425
00094428.jpg 242,135,272,194 person 0.90 0.5047858767211437
00091107.jpg 13,253,46,314 person 0.75 0.28749081026762724
00015663.jpg 605,142,617,167 person 0.67 0.28278605826199055
00031911.jpg 406,52,421,81 person 0.48 0.4974547289311886
00031911.jpg 406,52,421,81 person 0.48 0.26461626682430506
00098736.jpg 542,99,561,141 person 0.88 0.26714641973376274
00080786.jpg 24,279,54,330 person 0.50 0.27050344832241535
00030679.jpg 352,117,391,210 person 0.95 0.27488905284553766
00030679.jpg 352,117,391,210 person 0.95 0.25495935697108507
00030679.jpg 352,117,391,210 person 0.95 0.2584908874705434
00033481.jpg 277,134,311,192 person 0.89 0.280586801469326
00033481.jpg 277,134,311,192 person 0.89 0.24652632232755423
00033481.jpg 277,134,311,192 person 0.89 0.24656685534864664
00033481.jpg 277,134,311,192 person 0.89 0.2519544279202819
00033481.jpg 277,134,311,192 person 0.89 0.2644729679450393
00074519.jpg 392,164,417,218 person 0.68 0.2685801526531577
00039686.jpg 629,314,659,381 person 0.89 0.27303256560117006
00039686.jpg 629,314,659,381 person 0.89 0.24932206235826015
00073389.jpg 359,161,401,243 person 0.94 0.24276800267398357
00098513.jpg 479,53,504,103 person 0.92 0.5158954672515392
00089648.jpg 568,167,583,190 person 0.66 0.2904817583039403
00089648.jpg 568,167,583,190 person 0.66 0.26532513089478016
00089648.jpg 568,167,583,190 person 0.66 0.27457209676504135
00089648.jpg 568,167,583,190 person 0.66 0.2525396207347512
00041847.jpg 255,198,283,243 person 0.88 0.2486547725275159
00104485.jpg 370,43,383,70 person 0.36 0.2671894207596779
00007058.jpg 421,8,443,51 person 0.79 0.25680250115692616
00007058.jpg 421,8,443,51 person 0.79 0.5063857231289148
00006934.jpg 191,205,206,239 person 0.86 0.27031424175947905
00006934.jpg 191,205,206,239 person 0.86 0.2558582406491041
00006934.jpg 191,205,206,239 person 0.86 0.26897555869072676
00006934.jpg 191,205,206,239 person 0.86 0.26511555537581444
00006934.jpg 191,205,206,239 person 0.86 0.25619224831461906
00047324.jpg 510,97,532,143 person 0.99 0.5238931691274047
00047324.jpg 510,97,532,143 person 0.99 0.2680019252002239
00047324.jpg 510,97,532,143 person 0.99 0.2790227383375168
00047324.jpg 510,97,532,143 person 0.99 0.2666452080011368
00047324.jpg 510,97,532,143 person 0.99 0.26711266953498125
00049695.jpg 254,240,314,327 person 0.90 0.5365051124244928
00049695.jpg 254,240,314,327 person 0.90 0.2582734450697899
00049695.jpg 254,240,314,327 person 0.90 0.2507214806973934
00024301.jpg 193,194,205,217 person 0.77 0.2770704021677375
00024301.jpg 193,194,205,217 person 0.77 0.27518192399293184
00024301.jpg 193,194,205,217 person 0.77 0.2698508594185114
00103757.jpg 106,95,122,130 person 0.70 0.25694411620497704
00103757.jpg 106,95,122,130 person 0.70 0.2521753143519163
00103757.jpg 106,95,122,130 person 0.70 0.2542415326461196
00065034.jpg 168,199,177,219 person 0.45 0.27874257043004036
00065034.jpg 168,199,177,219 person 0.45 0.24901801627129316
00065034.jpg 168,199,177,219 person 0.45 0.26875262428075075
00060300.jpg 107,125,129,167 person 0.59 0.4671526728197932
00060300.jpg 107,125,129,167 person 0.59 0.309010392986238
00060300.jpg 107,125,129,167 person 0.59 0.2618055669590831
00078031.jpg 13,242,65,319 person 0.43 0.2691259430721402
00078031.jpg 13,242,65,319 person 0.43 0.25398988742381334
00078031.jpg 13,242,65,319 person 0.43 0.25384500343352556
00078031.jpg 13,242,65,319 person 0.43 0.24479651916772127
00079071.jpg 226,200,238,216 person 0.35 0.2694112891331315
00038091.jpg 629,186,654,230 person 0.74 0.28825255762785673
00038091.jpg 629,186,654,230 person 0.74 0.28804200794547796
00038091.jpg 629,186,654,230 person 0.74 0.5445030042901635
00038091.jpg 629,186,654,230 person 0.74 0.2952052354812622
00038091.jpg 629,186,654,230 person 0.74 0.2862801430746913
00038091.jpg 629,186,654,230 person 0.74 0.28309954795986414
00038091.jpg 629,186,654,230 person 0.74 0.2766490513458848
00038091.jpg 629,186,654,230 person 0.74 0.5312408516183496
00038091.jpg 629,186,654,230 person 0.74 0.28299226611852646
00038091.jpg 629,186,654,230 person 0.74 0.2981047108769417
00038091.jpg 629,186,654,230 person 0.74 0.2925561536103487
00017630.jpg 327,65,377,144 person 0.94 0.25422461330890656
00093062.jpg 314,424,371,480 person 0.60 0.283808876760304
00093062.jpg 314,424,371,480 person 0.60 0.2547213612124324
00046679.jpg 506,39,531,87 person 0.87 0.2660889094695449
00099699.jpg 243,94,260,119 person 0.42 0.25776292756199837
00063137.jpg 362,143,402,235 person 0.98 0.2757053505629301
00063137.jpg 362,143,402,235 person 0.98 0.23107612412422895
00063137.jpg 362,143,402,235 person 0.98 0.24122910480946302
00028160.jpg 220,31,224,42 person 0.64 0.24115120992064476
00107816.jpg 565,252,643,416 person 0.99 0.25120323803275824
00107816.jpg 565,252,643,416 person 0.99 0.2577328197658062
00107816.jpg 565,252,643,416 person 0.99 0.26695318054407835
00107816.jpg 565,252,643,416 person 0.99 0.27032218500971794
00107816.jpg 565,252,643,416 person 0.99 0.25982498843222857
00107816.jpg 565,252,643,416 person 0.99 0.24235688988119364
00107816.jpg 565,252,643,416 person 0.99 0.25922786351293325
00010368.jpg 255,25,290,76 person 0.45 0.26016224827617407
00026416.jpg 555,46,569,68 person 0.86 0.24384362623095512
00055103.jpg 34,99,58,139 person 0.38 0.25908929388970137
00089050.jpg 270,248,330,334 person 0.76 0.28273060265928507
00089050.jpg 270,248,330,334 person 0.76 0.23128903657197952
00089050.jpg 270,248,330,334 person 0.76 0.24089619982987642
00067231.jpg 196,123,209,153 person 0.88 0.2772805327549577
00067231.jpg 196,123,209,153 person 0.88 0.2556600086390972
00087860.jpg 32,265,63,318 person 0.67 0.24734341446310282
00105805.jpg 340,50,358,82 person 0.75 0.26065405271947384
00003888.jpg 197,264,255,347 person 0.94 0.23470052424818277
00003888.jpg 197,264,255,347 person 0.94 0.2309674620628357
00003888.jpg 197,264,255,347 person 0.94 0.25214425008744
00070937.jpg 391,128,425,195 person 0.94 0.2801036275923252
00012190.jpg 13,298,46,367 person 0.93 0.2646539593115449
00012190.jpg 13,298,46,367 person 0.93 0.255094769410789
00051036.jpg 294,179,336,267 person 0.70 0.26273368019610643
00051036.jpg 294,179,336,267 person 0.70 0.26819031219929457
00023982.jpg 412,125,454,216 person 0.89 0.24647867307066917
00023982.jpg 412,125,454,216 person 0.89 0.26206526812165976
00063579.jpg 496,69,510,94 person 0.92 0.5038197059184313
00063579.jpg 496,69,510,94 person 0.92 0.2732341103255749
00063579.jpg 496,69,510,94 person 0.92 0.2607948249205947
00063579.jpg 496,69,510,94 person 0.92 0.2681155549362302
00063579.jpg 496,69,510,94 person 0.92 0.2619576836004853
00063579.jpg 496,69,510,94 person 0.92 0.26415962260216475
00097992.jpg 407,74,415,91 person 0.32 0.25773254223167896
00097992.jpg 407,74,415,91 person 0.32 0.25799834355711937
00097992.jpg 407,74,415,91 person 0.32 0.26683634612709284
00097992.jpg 407,74,415,91 person 0.32 0.2597356913611293
00097992.jpg 407,74,415,91 person 0.32 0.2636083671823144
00023479.jpg 180,197,190,219 person 0.45 0.2787282448261976
00023479.jpg 180,197,190,219 person 0.45 0.2702741492539644
00023479.jpg 180,197,190,219 person 0.45 0.27978503704071045
00023479.jpg 180,197,190,219 person 0.45 0.5296228611841798
00042452.jpg 26,307,73,383 person 0.71 0.2572189522907138
00103656.jpg 73,144,90,163 person 0.56 0.2696535810828209
00101007.jpg 574,212,669,286 bicycle 0.38 0.2587631503120065
00101007.jpg 574,212,669,286 bicycle 0.38 0.2593241361901164
00101007.jpg 574,212,669,286 bicycle 0.38 0.258846877142787
00014956.jpg 531,168,553,207 person 0.83 0.28397186379879713
00022836.jpg 495,122,520,160 person 0.85 0.262359581887722
00050753.jpg 5,305,34,357 person 0.49 0.25024482887238264
00050753.jpg 5,305,34,357 person 0.49 0.24508476443588734
00018938.jpg 445,224,504,299 person 0.49 0.2613887917250395
00045767.jpg 404,110,413,131 person 0.52 0.2572216484695673
00077034.jpg 361,128,409,215 person 0.85 0.2617052271962166
00001476.jpg 403,224,422,270 person 0.86 0.29567579086869955
00001476.jpg 403,224,422,270 person 0.86 0.2731854869052768
00001476.jpg 403,224,422,270 person 0.86 0.26384550891816616
00001476.jpg 403,224,422,270 person 0.86 0.29552990570664406
00001476.jpg 403,224,422,270 person 0.86 0.29156933072954416
00001476.jpg 403,224,422,270 person 0.86 0.26023821998387575
00001476.jpg 403,224,422,270 person 0.86 0.2739429594948888
00102177.jpg 441,111,465,153 person 0.86 0.2592974742874503
00073491.jpg 442,105,461,137 person 0.38 0.49963970482349396
00055813.jpg 125,75,138,104 person 0.91 0.24840854108333588
00075994.jpg 542,57,558,76 person 0.57 0.27329279482364655
00001289.jpg 334,186,350,219 person 0.58 0.27952465135604143
00038016.jpg 661,88,677,110 person 0.30 0.2812597220763564
00038016.jpg 661,88,677,110 person 0.30 0.470326105132699
00031603.jpg 409,90,433,132 person 0.87 0.2859283359721303
00016643.jpg 293,164,328,243 person 0.98 0.25318177323788404
00090750.jpg 628,172,652,211 person 0.33 0.2570550413802266
00092453.jpg 172,247,198,301 person 0.99 0.2892085202038288
00020789.jpg 344,216,358,250 person 0.72 0.5287992591038346
00020789.jpg 344,216,358,250 person 0.72 0.26653252728283405
00011058.jpg 375,179,433,278 person 0.99 0.29282045271247625
00011058.jpg 375,179,433,278 person 0.99 0.25786951556801796
00011058.jpg 375,179,433,278 person 0.99 0.2641153512522578
00011058.jpg 375,179,433,278 person 0.99 0.2569364495575428
00022468.jpg 421,7,447,51 person 0.62 0.2558054029941559
00022468.jpg 421,7,447,51 person 0.62 0.2776875486597419
00016159.jpg 495,22,519,62 person 0.75 0.27234288211911917
00097918.jpg 504,235,533,290 person 0.99 0.24842946603894234
00032073.jpg 39,280,78,351 person 0.64 0.2420017858967185
00085564.jpg 355,145,403,233 person 0.97 0.24989866744726896
00085564.jpg 355,145,403,233 person 0.97 0.24457319173961878
00085564.jpg 355,145,403,233 person 0.97 0.2501764018088579
00064741.jpg 526,156,541,177 person 0.57 0.5193149028345942
00066382.jpg 380,148,440,245 person 0.80 0.2724442444741726
00011003.jpg 370,139,402,192 person 0.36 0.280250346288085
00076182.jpg 444,2,459,30 person 0.77 0.2914061062037945
00076182.jpg 444,2,459,30 person 0.77 0.26295968424528837
00032238.jpg 370,129,416,221 person 0.99 0.2790828011929989
00030174.jpg 346,72,369,111 person 0.52 0.26554566342383623
00043134.jpg 257,178,290,235 person 0.65 0.24775593634694815
00100508.jpg 454,190,468,215 person 0.44 0.26825268287211657
00093147.jpg 684,166,694,199 person 0.71 0.2767549669370055
00016265.jpg 292,283,322,328 person 0.35 0.2805519374087453
00098293.jpg 356,128,398,235 person 0.99 0.27144301775842905
00098293.jpg 356,128,398,235 person 0.99 0.2717822575941682
00098293.jpg 356,128,398,235 person 0.99 0.5238090725615621
00098293.jpg 356,128,398,235 person 0.99 0.27901104371994734
00098293.jpg 356,128,398,235 person 0.99 0.26479467656463385
00098293.jpg 356,128,398,235 person 0.99 0.26771260891109705
00071371.jpg 515,147,528,174 person 0.41 0.27970488369464874
00106422.jpg 345,71,365,96 person 0.43 0.24586533289402723
00102246.jpg 297,179,332,254 person 0.90 0.2783145001158118
00102246.jpg 297,179,332,254 person 0.90 0.5357177378609776
00062016.jpg 344,66,367,105 person 0.64 0.26702533662319183
